-3
12
-24
10
-10
-26
-15
-24
-41
5
-17
-21
17
-5
12
-21
24
22
3
6
-17
-8
-5
0
-25
-19
11
-61
29
23
7
38
-17
-47
-4
-8
-12
21
-42
17
-17
39
-9
26
-33
3
21
-16
13
0
-7
14
19
65
2
-8
-8
19
5
0
-19
-6
-19
18
8
19
-27
-17
-20
-25
-10
-4
-33
-6
-30
9
-28
3
25
-14
2
-1
-21
-25
-6
8
26
-16
-44
60
16
3
-18
5
3
-11
-13
21
-9
3
-9
-11
-17
-16
-31
17
35
42
-10
-12
-9
-14
8
-23
4
3
26
-5
0
-2
12
23
48
-10
31
-1
-18
-18
-56
5
21
-4
-7
-21
-6
-28
46
9
-4
55
17
-5
-11
6
-6
8
-19
1
22
-6
-42
7
-14
-18
-8
21
-51
-7
15
31
-14
-31
1
28
-35
-11
-17
11
-8
11
-15
-24
-2
-5
-5
6
26
-26
-36
4
-34
-8
-6
-25
5
-9
12
-18
-2
1
-56
-16
4
21
21
1
-4
-35
-6
18
62
2
-24
2
5
-27
-8
16
0
-28
-9
-24
27
-18
16
18
12
-7
-8
-17
-11
-20
-19
-29
-41
-7
-2
-10
-8
0
28
52
52
-12
-33
-13
14
-9
11
8
28
40
-9
-29
10
17
-7
-12
-30
42
28
-14
-13
-16
-7
-16
0
-12
19
-18
20
-52
11
3
-5
13
-23
-20
-3
-28
19
-52
17
-1
-21
12
25
12
-3
25
-46
24
29
-4
-12
-4
31
3
-9
-22
8
13
9
-1
-9
-26
9
-19
0
29
-3
12
-32
14
-4
-11
23
4
8
13
20
24
-6
-22
-19
14
9
4
31
-53
-1
-7
12
10
-13
-23
-19
12
28
0
10
18
-17
15
12
-3
-53
9
11
-32
-25
29
6
2
14
-1
18
6
14
9
-16
1
-25
17
-4
17
0
8
57
-29
-26
-4
-1
-8
-44
15
-4
-43
-14
-10
3
-16
20
30
-7
46
-15
-1
-17
-2
24
-8
11
-54
-12
-19
-9
3
12
37
-15
-37
-10
-5
1
-20
-10
7
-2
-8
0
19
-9
-40
25
-10
34
-27
10
4
10
17
22
24
4
9
-40
25
-13
8
8
18
7
46
-49
-23
-62
-3
-13
5
-99
-9
14
-16
3
1
3
-1
-49
70
-4
-5
-24
-1
1
-13
-13
6
13
-8
51
4
-26
-3
15
-18
-20
-27
-22
-10
-6
-17
-14
4
-7
5
2
-25
-23
-2
-2
-11
19
16
0
27
-66
41
-24
-17
7
7
20
-3
48
-28
-39
-28
-16
17
9
-8
-7
20
23
-21
1
-9
-4
33
-11
-32
0
37
3
0
-4
6
16
0
14
0
-2
39
19
-6
-43
9
7
15
28
-25
11
-8
12
-30
-8
-9
24
-12
13
19
-1
21
-6
-8
27
-6
-16
9
6
-20
8
11
-13
13
8
13
-40
19
29
20
-19
-4
23
-54
1
-39
10
3
20
17
3
17
29
7
-22
-16
-39
-21
55
-27
7
8
25
-50
-12
-10
16
-7
0
5
-22
17
-20
31
-78
5
8
-19
-21
5
22
-19
12
9
-8
-8
28
-41
1
-8
25
-1
15
3
8
-32
-48
26
7
2
8
-2
19
-35
-24
-41
17
62
27
6
-8
-29
-12
27
2
-15
-10
-7
-24
-18
-6
25
6
-39
1
25
-2
9
21
-7
12
13
-20
22
24
-28
8
5
-3
8
-14
3
-1
-14
34
-38
30
-6
-1
-22
21
22
11
0
0
-15
90
-4
8
3
16
22
-12
14
-15
9
0
-10
-49
-15
12
31
25
26
3
0
-27
9
-12
-8
24
-7
-77
-1
-4
14
51
1
12
2
16
13
-43
-16
-22
26
-38
-3
-3
11
24
-37
-1
13
-8
6
-6
4
7
21
8
-13
29
-14
15
-7
25
56
15
14
45
-30
8
-56
-41
5
7
-8
16
-10
-4
5
-56
9
22
-49
-26
-26
21
6
-18
7
-6
-1
-13
-26
11
3
-80
33
-4
-8
17
-21
-19
-7
-9
-58
4
0
-28
-12
26
24
-26
19
-17
-12
-24
8
-14
-77
6
14
-8
27
-21
22
-10
36
-11
29
-7
-21
49
-12
-10
-29
7
5
-4
-21
-13
23
23
-64
22
-19
21
-27
-4
27
-19
16
-34
20
-9
-48
40
-7
-15
13
0
-2
-17
1
15
13
-1
0
-23
-27
-25
19
-22
-13
-21
12
-7
13
32
25
4
-40
88
45
-44
-18
-10
-1
-7
-28
11
16
3
-33
-17
-22
32
-41
-23
20
7
2
0
-12
5
-2
4
-30
-32
-7
-60
-7
28
21
-7
15
13
-22
-20
-18
1
1
-6
39
-17
-20
-8
25
-24
10
23
-22
-12
-81
-6
-41
-9
3
-23
9
24
-3
27
19
-12
-21
35
-1
-31
16
-13
-26
26
-9
7
-17
-23
-6
20
15
6
11
12
-5
28
2
10
-33
-20
-14
-17
-19
6
13
-21
-16
-9
-28
-62
17
12
-8
17
3
10
-8
41
-10
21
1
-16
-6
-2
-29
7
-8
25
8
12
35
10
35
24
16
9
11
12
10
-4
-16
-16
15
-14
28
11
5
-10
38
18
-10
-38
4
-14
-26
-20
33
-23
-5
9
-7
-30
23
33
9
-29
16
